32 32
5 0 0.252217 0.252217 0.252217 4
6 2 0.0499363 0.0499363 0.0499363 6
6 0 0.137721 0.137721 0.137721 0
7 1 0.151578 0.151578 0.151578 7
6 1 0.127275 0.127275 0.127275 4
4 5 0.227817 0.227817 0.227817 6
16 24 0.176846 0.176846 0.176846 0
19 8 -0.0599582 -0.0599582 -0.0599582 0
0 23 0.213765 0.213765 0.213765 4
6 2 0.0301759 0.0301759 0.0301759 0
3 1 0.137611 0.137611 0.137611 6
11 21 0.332801 0.332801 0.332801 0
18 7 0.258738 0.258738 0.258738 6
13 19 0.12085 0.12085 0.12085 4
22 1 0.120261 0.120261 0.120261 0
19 10 -0.0224243 -0.0224243 -0.0224243 2
0 24 0.21811 0.21811 0.21811 4
8 3 0.00571212 0.00571212 0.00571212 6
8 23 0.258246 0.258246 0.258246 4
13 24 0.179766 0.179766 0.179766 5
12 6 0.200674 0.200674 0.200674 0
5 7 0.374552 0.374552 0.374552 7
19 10 0.08105 0.08105 0.08105 0
21 0 0.18755 0.18755 0.18755 2
0 24 0.223386 0.223386 0.223386 4
6 2 0.0315387 0.0315387 0.0315387 0
23 15 0.0148253 0.0148253 0.0148253 2
16 0 -0.092591 -0.092591 -0.092591 4
18 5 0.173125 0.173125 0.173125 2
12 11 0.116171 0.116171 0.116171 2
18 11 0.0239064 0.0239064 0.0239064 2
5 0 0.25691 0.25691 0.25691 4
17 12 0.11694 0.11694 0.11694 4
7 0 0.0137288 0.0137288 0.0137288 3
7 23 0.0547532 0.0547532 0.0547532 2
10 15 0.148017 0.148017 0.148017 0
2 11 0.229316 0.229316 0.229316 2
2 24 0.101814 0.101814 0.101814 6
24 11 0.11532 0.11532 0.11532 0
14 0 0.208458 0.208458 0.208458 4
17 12 0.102943 0.102943 0.102943 2
1 9 -0.0230008 -0.0230008 -0.0230008 6
16 23 -0.0535055 -0.0535055 -0.0535055 1
10 17 0.0353475 0.0353475 0.0353475 0
6 14 0.300871 0.300871 0.300871 1
18 15 -0.0200437 -0.0200437 -0.0200437 2
6 0 0.205578 0.205578 0.205578 4
4 7 0.443338 0.443338 0.443338 0
11 22 0.204559 0.204559 0.204559 0
2 5 -0.0868136 -0.0868136 -0.0868136 6
6 22 0.132505 0.132505 0.132505 0
10 23 0.0217672 0.0217672 0.0217672 0
8 3 0.176972 0.176972 0.176972 6
19 9 0.154158 0.154158 0.154158 3
17 0 0.13407 0.13407 0.13407 4
19 10 0.167691 0.167691 0.167691 0
12 23 0.191263 0.191263 0.191263 0
6 4 -0.134075 -0.134075 -0.134075 4
5 24 0.0673123 0.0673123 0.0673123 4
12 24 0.073362 0.073362 0.073362 0
6 0 0.197721 0.197721 0.197721 6
15 11 0.287276 0.287276 0.287276 6
23 21 0.0393788 0.0393788 0.0393788 0
6 2 -0.0185996 -0.0185996 -0.0185996 2
